50000
54000
63000
46000
62000
50000
63000
52000
52000
58000
52000
63000
46000
50000
50000
48000
50000
50000
65000
60000
78000
68000
55000
55000
40000
43000
58000
41000
40000
43000
48400
35300
46000
45000
42000
45000
40000
42000
42600
50000
75000
80000
62000
78000
65000
86000
78000
80000
88000
65000
70000
85000
75000
78000
80000
96000
92000
97000
95000
125000
70000
63000
74000
67000
70000
60000
63000
48000
48000
45000
40500
50000
48000
50000
40000
50000
46700
40000
51000
53000
50000
45000
47500
48000
60000
60000
50000
55000
35000
52000
66000
70000
70000
64000
43000
45000
49500
92000
53000
45000
44000
45000
40000
60000
80000
60000
59000
65000
57000
55000
70000
75000
56000
62000
45000
40000
45000
39000
62000
47000
45000
50000
56000
60000
38000
40000
50000
69000
43000
49000
54000
55000
58000
47000
52000
65000
48000
67000
45000
42000
45000
40000
46600
47000
44500
37600
45000
50000
42000
50000
55000
60000
50000
62000
106000
61000
47000
45000
60000
65000
72000
58000
65000
65000
56000
65000
54000
54000
49000
72000
53000
50000