128148
95326
33955
103549
24280
79409
6586
8549
106106
69447
83188
294692
103740
987676
418104
211213
186829
62141
253782
29317
783292
77805
39362
51771
42325
1438867
4037
2396
1446701
68808
281661
157079
56477
224262
149689
127022
88067
181445
231861
225553
503080
65734
32748
19587
18347
188046
358593
154160
671647
20582
13016
6264
138366
21430
581529
12818
10746
16094
9826
19631
57006
37382
47098
94697
82142
29348
64196
75791
236342
57793
402038
9330
67037
1098647
59211
601221
46188
16193
839454
75322
14135
28197
45368
6362
68885
5015
43984
55395
13676
29389
432806
19112
24806
4315
45199
56580
64534
7184
6898
61871
350409
205763
232865
8856
4700
14051
308062
107902
8267
10741
122620
7208
427953
12166
1484075
14041
7638
17633
17969
10871
34102
757141
54636
14782
81786
319163
127363
757616
143087
75085
115423
77371
748956
674558
15882
92346
15726
126639
571961
174817
276262
55141
504657
133508
90852
81008
8511
104516
74977
108510
64316
164990
32514
1769892
180084
252138
56741
77647
2148712
1779219
9763
3123510
57200
75547
1114624
816548
187274
86064
200854
156673
102753
712509